 873   862   128   792   572   987   459    14   174   538    92    63   102   643   799   542   540   698    65   526    81   783   218   382   249   725   632   354   142   559   258   709    55   744   391   119   522   285   217   195    18   206   447   613   276    82   475   762   855   652   277   360   733   510   950   434   202    30   567   260   594   442   724   512   696    29   262   579   790   367   235   984   275   675    91   597   281   774    28   988    54   443   501   849   436   261    69   204   993   519   464   347   879   942   998    56   257   818   768   400
 282   120   981   915   719     4   100   994   481   539   430    32    88   627   614   918   754   658   269   325   541   189   194   283   773   193   141   960   600   186   286   751   524   353   226   990   798   838   992   279   478   602   414   717   134    34   952   933   929   149   346    66   590   376   358   253   962   378   953   131   584   649   644   587    84   106   383   417   329    78   637   875   619   518   890   105   515   848   937   307   596   922   687   561   662   813   607   312   945   718   199   947    85   108   893   171   210   272   184   580
 895   448   164   753   534   884   303   651   146   408   405   704   948   117   821   536   290   679   603   118   103   902   563   483    31   178   280   453   471   946   288   554   494   268   291   874   153   674   112   143   969    10   664   454   661   339   363    62   578    35   575   263   527   805   401   676    39   338   671   395   932   891   137   739   532   241   466   458   423   410   811   867   641   305   688   547   565   179   901   488   938   293   389   384   968   470    40   545   616    77   552   906   330   636   318   803   831   502   663   622
 151   576   345   371   114   477     7   372   730   452   209   388    13   914   973   155   750   656   172   966   814    27   865   219   205   468   894   604   693   113   834   702   927   683   611   703   928   366   695   221   208   612   734   778   716   712   840   843   246   949   231   316    51   628   573   344    26   394   562    89   904   599   784   505   390   923    76   140   957   196   460   626   416   882   431   694    21   413   233   910   335   111   623   426   889   605   681   419   161   780   819   415   175   583   822    12   720   270   403   797
 560   472    15   871    24   418   440   967    96   640   646   407    70   697   926   188   585   230   677   732   368   300   782   427   804   775   930   666   551   190   772     5   808   700   835   853   898   760   964   317   320   216   531   158   133   314   115   850   959   168   364   588   396   482   791   624   369   759   809   647   429   847   169   905   203   769    64   292   517   752   748   148   274     9   356   437   234   763   713   878   595   777   796   815   411   507   242   147   200   908   537    58   444   795   352   278    93   701   313   665
 648   807   854   349    68   455   729   711   868   125   789   935   337   399   492   104   355   951   630   438   150   654   989   341   961   138   132   224   264   721   185   934   357   271   781   284   638   726   817   826   723   180   549   450   109   727   521   533   885   925   828   974   361   931   375   564   869   586   939   333   801   820   833   705    11   745    67   667   500   351   404   183   985   387   975   827   859   965   244   839   159   298   373   876    57   479   116   593   130   308   911   977   213   462   635   800   266   215    90   823
 306   362   173   250   425    60   267   806   639    25   516   581   629   485   463   490   970   236    19   571   608   473   837   201   569   535   273   428   829   421   323   359   294   991   852   486   668   767   982   737   553   653   326   673   136   334   227   728   978   793   757   577   187   110   692   296   761   836   546   420   123   887   880   342   899   598   802   606   708   832   295   812   248   493   508   941   907   672   715   714   601   766    61   618    73   299   620   380   181   177   682   523   956   749   126    79   220   304   678   566
  45    23   916   765   365     6   986   866   377   936   570   139   144   980   755   771   385   467   609   558    43     1   328   684  1000   327    74   680   963   121   498   207   156   343   892    97   548   406   238   735   955   287   321   530   844   166   386   747   706     3   779   251   995   197   301   686   499   256   921    86   582   223   340   331   863   461   441   212   776   336   997   851    17   634   476   920   514   741   861    53   999   439   764   979   742   503    48    33   319   182   160   954    59   544   487   657   237   897   642    38
 255   650   900   731   309   222   145   243   489   707    83   229   348   310   924   176   971   788   917   101   129   163   810   615   239   374   511   445   302   722   170    41   350   896   660    94   157   830   433   909   525   495   497   845   122   324   690   740   504   557   392   655   996   528   825   912   710   370    47   451   877   574   513   758    75    44   214   841   883   456   259   379   983   556   913    37    46   824   506   424   738   469   435   864    72    52    50   127   625   232   402   670     8   315    20   669   192    22   422   699
 484   165   746   167   509   409   254   449   398   491   474   592   393   240   154   297   659   756    42   589    71   529   610   870   633    87   689   645   736   617   816    49     2   252   543   846   555   591   940   785    98   881    80   245   432   787   412   162   685   247   211    95   457   135   860   858   124   480   198   958   631   943   786   888   311   228   107   332   872   972    99   903   842   225   770   857   265   496   191   568   550   886   397   691   289    16   152   381   919   520   944    36   794   322   856   743   465   976   446   621
 873   862   128   792   572   987   459    14   174   538    92    63   102   643   799   542   540   698    65   526    81   783   218   382   249   725   632   354   142   559   258   709    55   744   391   119   522   285   217   195    18   206   447   613   276    82   475   762   855   652   277   360   733   510   950   434   202    30   567   260   594   442   724   512   696    29   262   579   790   367   235   984   275   675    91   597   281   774    28   988    54   443   501   849   436   261    69   204   993   519   464   347   879   942   998    56   257   818   768   400
 282   120   981   915   719     4   100   994   481   539   430    32    88   627   614   918   754   658   269   325   541   189   194   283   773   193   141   960   600   186   286   751   524   353   226   990   798   838   992   279   478   602   414   717   134    34   952   933   929   149   346    66   590   376   358   253   962   378   953   131   584   649   644   587    84   106   383   417   329    78   637   875   619   518   890   105   515   848   937   307   596   922   687   561   662   813   607   312   945   718   199   947    85   108   893   171   210   272   184   580
 895   448   164   753   534   884   303   651   146   408   405   704   948   117   821   536   290   679   603   118   103   902   563   483    31   178   280   453   471   946   288   554   494   268   291   874   153   674   112   143   969    10   664   454   661   339   363    62   578    35   575   263   527   805   401   676    39   338   671   395   932   891   137   739   532   241   466   458   423   410   811   867   641   305   688   547   565   179   901   488   938   293   389   384   968   470    40   545   616    77   552   906   330   636   318   803   831   502   663   622
 151   576   345   370201   114   477     7   372   730   452   209   388    13   914   973   155   750   656   172   966   814    27   865   219   205   468   894   604   693   113   834   702   927   683   611   703   928   366   695   221   208   612   734   778   716   712   840   843   246   949   231   316    51   628   573   344    26   394   562    89   904   599   784   505   390   923    76   140   957   196   460   626   416   882   431   694    21   413   233   910   335   111   623   426   889   605   681   419   161   780   819   415   175   583   822    12   720   270   403   797
 560   472    15   871    24   418   440   967    96   640   646   407    70   697   926   188   585   230   677   732   368   300   782   427   804   775   930   666   551   190   772     5   808   700   835   853   898   760   964   317   320   216   531   158   133   314   115   850   959   168   364   588   396   482   791   624   369   759   809   647   429   847   169   905   203   769    64   292   517   752   748   148   274     9   356   437   234   763   713   878   595   777   796   815   411   507   242   147   200   908   537    58   444   795   352   278    93   701   313   665
 648   807   854   349    68   455   729   711   868   125   789   935   337   399   492   104   355   951   630   438   150   654   989   341   961   138   132   224   264   721   185   934   357   271   781   284   638   726   817   826   723   180   549   450   109   727   521   533   885   925   828   974   361   931   375   564   869   586   939   333   801   820   833   705    11   745    67   667   500   351   404   183   985   387   975   827   859   965   244   839   159   298   373   876    57   479   116   593   130   308   911   977   213   462   635   800   266   215    90   823
 306   362   173   250   425    60   267   806   639    25   516   581   629   485   463   490   970   236    19   571   608   473   837   201   569   535   273   428   829   421   323   359   294   991   852   486   668   767   982   737   553   653   326   673   136   334   227   728   978   793   757   577   187   110   692   296   761   836   546   420   123   887   880   342   899   598   802   606   708   832   295   812   248   493   508   941   907   672   715   714   601   766    61   618    73   299   620   380   181   177   682   523   956   749   126    79   220   304   678   566
  45    23   916   765   365     6   986   866   377   936   570   139   144   980   755   771   385   467   609   558    43     1   328   684  1000   327    74   680   963   121   498   207   156   343   892    97   548   406   238   735   955   287   321   530   844   166   386   747   706     3   779   251   995   197   301   686   499   256   921    86   582   223   340   331   863   461   441   212   776   336   997   851    17   634   476   920   514   741   861    53   999   439   764   979   742   503    48    33   319   182   160   954    59   544   487   657   237   897   642    38
 255   650   900   731   309   222   145   243   489   707    83   229   348   310   924   176   971   788   917   101   129   163   810   615   239   374   511   445   302   722   170    41   350   896   660    94   157   830   433   909   525   495   497   845   122   324   690   740   504   557   392   655   996   528   825   912   710   370    47   451   877   574   513   758    75    44   214   841   883   456   259   379   983   556   913    37    46   824   506   424   738   469   435   864    72    52    50   127   625   232   402   670     8   315    20   669   192    22   422   699
 484   165   746   167   509   409   254   449   398   491   474   592   393   240   154   297   659   756    42   589    71   529   610   870   633    87   689   645   736   617   816    49     2   252   543   846   555   591   940   785    98   881    80   245   432   787   412   162   685   247   211    95   457   135   860   858   124   480   198   958   631   943   786   888   311   228   107   332   872   972    99   903   842   225   770   857   265   496   191   568   550   886   397   691   289    16   152   381   919   520   944    36   794   322   856   743   465   976   446   621
 873   862   128   792   572   987   459    14   174   538    92    63   102   643   799   542   540   698    65   526    81   783   218   382   249   725   632   354   142   559   258   709    55   744   391   119   522   285   217   195    18   206   447   613   276    82   475   762   855   652   277   360   733   510   950   434   202    30   567   260   594   442   724   512   696    29   262   579   790   367   235   984   275   675    91   597   281   774    28   988    54   443   501   849   436   261    69   204   993   519   464   347   879   942   998    56   257   818   768   400
 282   120   981   915   719     4   100   994   481   539   430    32    88   627   614   918   754   658   269   325   541   189   194   283   773   193   141   960   600   186   286   751   524   353   226   990   798   838   992   279   478   602   414   717   134    34   952   933   929   149   346    66   590   376   358   253   962   378   953   131   584   649   644   587    84   106   383   417   329    78   637   875   619   518   890   105   515   848   937   307   596   922   687   561   662   813   607   312   945   718   199   947    85   108   893   171   210   272   184   580
 895   448   164   753   534   884   303   651   146   408   405   704   948   117   821   536   290   679   603   118   103   902   563   483    31   178   280   453   471   946   288   554   494   268   291   874   153   674   112   143   969    10   664   454   661   339   363    62   578    35   575   263   527   805   401   676    39   338   671   395   932   891   137   739   532   241   466   458   423   410   811   867   641   305   688   547   565   179   901   488   938   293   389   384   968   470    40   545   616    77   552   906   330   636   318   803   831   502   663   622
 151   576   345   371   114   477     7   372   730   452   209   388    13   914   973   155   750   656   172   966   814    27   865   219   205   468   894   604   693   113   834   702   927   683   611   703   928   366   695   221   208   612   734   778   716   712   840   843   246   949   231   316    51   628   573   344    26   394   562    89   904   599   784   505   390   923    76   140   957   196   460   626   416   882   431   694    21   413   233   910   335   111   623   426   889   605   681   419   161   780   819   415   175   583   822    12   720   270   403   797
 560   472    15   871    24   418   440   967    96   640   646   407    70   697   926   188   585   230   677   732   368   300   782   427   804   775   930   666   551   190   772     5   808   700   835   853   898   760   964   317   320   216   531   158   133   314   115   850   959   168   364   588   396   482   791   624   369   759   809   647   429   847   169   905   203   769    64   292   517   752   748   148   274     9   356   437   234   763   713   878   595   777   796   815   411   507   242   147   200   908   537    58   444   795   352   278    93   701   313   665
 648   807   854   349    68   455   729   711   868   125   789   935   337   399   492   104   355   951   630   438   150   654   989   341   961   138   132   224   264   721   185   934   357   271   781   284   638   726   817   826   723   180   549   450   109   727   521   533   885   925   828   974   361   931   375   564   869   586   939   333   801   820   833   705    11   745    67   667   500   351   404   183   985   387   975   827   859   965   244   839   159   298   373   876    57   479   116   593   130   308   911   977   213   462   635   800   266   215    90   823
 306   362   173   250   425    60   267   806   639    25   516   581   629   485   463   490   970   236    19   571   608   473   837   201   569   535   273   428   829   421   323   359   294   991   852   486   668   767   982   737   553   653   326   673   136   334   227   728   978   793   757   577   187   110   692   296   761   836   546   420   123   887   880   342   899   598   802   606   708   832   295   812   248   493   508   941   907   672   715   714   601   766    61   618    73   299   620   380   181   177   682   523   956   749   126    79   220   304   678   566
  45    23   916   765   365     6   986   866   377   936   570   139   144   980   755   771   385   467   609   558    43     1   328   684  1000   327    74   680   963   121   498   207   156   343   892    97   548   406   238   735   955   287   321   530   844   166   386   747   706     3   779   251   995   197   301   686   499   256   921    86   582   223   340   331   863   461   441   212   776   336   997   851    17   634   476   920   514   741   861    53   999   439   764   979   742   503    48    33   319   182   160   954    59   544   487   657   237   897   642    38
 255   650   900   731   309   222   145   243   489   707    83   229   348   310   924   176   971   788   917   101   129   163   810   615   239   374   511   445   302   722   170    41   350   896   660    94   157   830   433   909   525   495   497   845   122   324   690   740   504   557   392   655   996   528   825   912   710   370    47   451   877   574   513   758    75    44   214   841   883   456   259   379   983   556   913    37    46   824   506   424   738   469   435   864    72    52    50   127   625   232   402   670     8   315    20   669   192    22   422   699
 484   165   746   167   509   409   254   449   398   491   474   592   393   240   154   297   659   756    42   589    71   529   610   870   633    87   689   645   736   617   816    49     2   252   543   846   555   591   940   785    98   881    80   245   432   787   412   162   685   247   211    95   457   135   860   858   124   480   198   958   631   943   786   888   311   228   107   332   872   972    99   903   842   225   770   857   265   496   191   568   550   886   397   691   289    16   152   381   919   520   944    36   794   322   856   743   465   976   446   621
